2.86
2.12
3.30
2.28
77.0
66.5
55.9
45.9
35.5
20.4
9.29
1.89
1.88
77.9
58.9
39.5
20.9
4.56
1.92
176
156
146
137
126
114
103
89.5
78.6
67.8
57.3
45.9
23.5
14.5
4.57
1.88
67.8
58.3
47.9
36.8
25.7
15.1
7.05
2.11
2.21
2.10
2.13
2.11
2.09
2.12
2.30
2.10
2.18
2.14
2.00
2.06
2.74
2.20
2.49
2.15
2.00
2.20
2.15
2.35
3.56
2.10
2.57
2.09
2.12
2.04
2.11
2.15
2.07
2.02
2.15
2.12
2.09
2.05
1.99
2.07
2.26
2.11
3.19
2.30
1.99
3.87
2.12
2.25
2.11
2.10
2.30
2.25
2.08
2.19
2.07
2.13
41.6
23.5
5.27
4.73
2.21
2.14
3.33
2.14
2.24
2.09
2.14
2.20
2.08
2.17
2.14
2.24
2.11
2.07
2.12
2.03
4.15
2.06
2.14
2.48
2.05
2.12
2.07
4.04
2.78
2.09
2.25
3.88
2.04
1.98
2.13
2.90
2.34
2.20
2.32
2.14
2.18
2.95
2.05
2.01
4.74
2.19
3.81
2.15
5.60
2.19
2.07
2.29
2.08
2.12
3.01
2.26
2.03
2.06
2.05
2.30
2.14
2.15
2.89
2.15
2.35
2.23
2.19
3.37
2.09
2.11
2.11
2.07
2.12
2.11
2.13
3.49
2.08
2.08
2.16
2.16
2.11
2.02
2.15
2.28
1.89
2.07
2.12
2.11
2.61
2.17
2.18
4.87
2.25
2.19
2.71
2.34
2.04
1.94
2.10
2.07
2.12
3.79
3.18
2.16
2.18
2.07
2.26
2.31
1.90
5.60
1.84
1.75
1.74
1.72
1.76
2.21
1.94
5.84
1.76
1.85
1.75
1.88
1.88
2.13
1.92
1.79
1.75
1.81
2.07
2.15
2.62
1.82
1.73
1.69
2.72
2.54
1.93
2.23
2.11
2.13
2.09
2.48
2.23
2.40
2.31
2.25
2.12
2.05
2.09
2.09
2.07
2.22
2.01
2.28
2.01
3.00
4.03
2.42
2.03
2.11
2.14
3.51
2.05
2.15
2.61
3.29
2.23
2.17
2.14
2.10
2.56
2.01
2.20
2.09
2.30
2.13
2.11
2.81
2.23
2.19
2.13
2.08
2.87
2.06
2.19
2.15
2.82
2.16
2.13
2.08
2.49
2.15
2.19
2.16
2.17
2.06
2.08
2.08
2.81
5.13
2.12
2.75
2.09
2.18
2.68
2.18
2.26
2.13
2.04
2.05
2.17
2.37
2.13
2.96
2.09
2.19
2.14
1.96
2.14
2.26
2.06
2.08
2.21
2.06
2.12
2.17
2.13
2.15
3.94
2.13
2.25
2.13
2.49
2.18
2.19
2.10
1.98
2.06
3.31
2.21
2.20
2.20
3.12
2.09
2.16
2.15
2.10
2.13
2.05
5.24
2.74
2.05
2.02
2.03
3.33
3.09
2.35
2.15
2.69
2.20
3.11
2.01
2.16
3.03
3.67
2.10
2.13
2.12
2.54
2.16
2.34
3.83
2.02
2.01
2.09
2.15
2.67
4.76
2.08
4.04
3.82
5.00
4.81
2.15
2.59
2.07
1.95
1.78
2.12
2.19
2.14
4.71
2.77
2.60
2.12
2.05
2.78
2.64
5.50
1.86
2.08
1.75
1.75
1.88
3.65
2.48
2.33
1.75
1.84
1.72
1.74
1.78
1.76
2.14
1.73
1.88
2.62
1.77
1.75
1.83
2.01
1.84
1.71
1.71
1.83
1.92
1.91
1.99
1.92
1.86
1.89
4.43
1.91
1.95
2.00
1.84
1.83
2.07
1.95
2.16
2.12
2.09
2.09
2.06
2.15
2.30
2.10
2.11
2.10
3.48
2.10
5.84
2.49
1.76
2.10
2.16
2.30
3.19
1.73
2.13
2.78
2.00
2.80
2.02
3.86
2.52
2.25
2.17
2.19
2.18
2.90
2.33
2.11
2.45
2.26
2.56
2.12
2.12
2.87
2.12
2.10
2.10
2.13
2.39
2.04
1.99
2.19
2.05
2.07
2.18
2.15
2.93
2.17
2.14
2.28
2.32
2.33
3.17
2.00
2.39
2.11
2.12
2.27
2.18
2.23
2.14
2.13
2.63
2.19
2.23
2.35
2.00
2.02
2.07
2.09
2.15
2.17
1.99
2.40
2.09
2.24
2.14
2.12
2.08
2.19
2.11
2.03
2.23
2.80
2.06
2.29
2.17
2.16
2.08
2.25
2.13
2.12
2.01
1.95
2.10
2.67
2.09
2.20
2.11
2.27
2.15
2.08
2.15
2.12
2.01
1.97
2.03
2.15
2.06
4.37
2.17
2.12
2.18
2.16
2.66
2.08
1.99
2.05
3.34
2.69
2.18
14.6
5.78
7.84
2.11
3.06
2.08
2.16
2.20
2.20
2.07
1.97
2.07
2.09
2.12
4.01
2.14
2.14
2.12
2.15
2.08
2.43
2.22
2.68
2.48
7.29
42.0
33.2
22.1
10.9
3.42
2.44
2.25
3.33
76.8
59.9
41.3
22.2
6.79
2.01
1.77
87.4
82.8
71.5
62.4
52.0
40.7
198
187
143
124
105
86.2
67.0
48.1
29.0
9.81
1.80
2.63
2.37
77.2
60.7
42.4
23.3
6.89
1.98
2.03
2.00
2.07
2.09
2.17
2.28
2.21
2.22
2.22
2.14
2.27
2.07
2.15
4.00
2.21
2.15
2.30
2.08
2.14
4.10
2.10
2.09
1.97
2.19
2.12
4.03
2.06
2.00
2.33
3.38
2.17
2.11
2.10
2.13
2.40
2.14
2.44
2.22
2.60
2.02
2.11
2.13
2.12
2.11
2.19
2.40
2.11
2.14
2.30
2.06
2.02
2.00
39.2
20.8
3.00
3.21
2.08
2.09
2.21
2.07
2.88
2.06
2.05
4.31
1.99
2.07
2.13
2.15
2.42
2.16
2.10
2.95
2.13
2.13
2.42
1.98
2.86
2.41
2.11
3.02
2.17
6.00
2.12
2.07
2.89
2.27
2.08
2.02
2.12
2.91
2.11
2.11
2.09
2.14
2.44
2.16
2.53
3.08
2.00
2.10
2.02
2.30
2.14
2.09
2.15
2.83
2.16
2.15
2.14
2.45
2.98
2.03
2.04
1.96
2.23
2.08
2.12
2.11
2.21
2.14
2.12
2.13
2.24
2.06
2.06
2.07
2.85
2.12
2.09
2.10
2.19
2.16
2.16
2.12
2.09
2.10
2.06
3.21
1.98
2.08
2.50
2.22
2.21
2.23
2.49
2.06
2.06
2.02
2.18
2.27
2.63
2.16
2.11
2.05
2.18
2.07
1.87
5.44
2.14
1.99
1.92
1.82
1.86
1.81
1.96
2.88
2.18
1.76
1.99
1.94
1.93
2.60
1.85
2.23
1.79
1.82
1.89
5.05
2.53
1.89
1.88
1.80
1.96
2.48
2.02
1.89
2.79
1.84
1.84
2.00
1.86
2.34
1.95
1.90
2.17
1.86
3.38
2.08
2.11
2.80
2.05
2.20
2.04
3.19
3.34
2.17
2.20
2.29
2.19
2.25
2.04
2.11
2.53
2.15
2.14
2.27
2.13
2.32
2.24
3.17
2.85
2.69
2.19
3.21
2.04
2.47
2.10
1.97
3.11
2.15
2.11
2.12
2.35
2.50
2.16
2.15
2.19
2.41
2.64
5.09
2.51
2.68
2.15
2.16
2.44
2.10
2.17
2.10
2.25
2.13
2.03
2.10
2.12
2.04
2.16
2.18
2.17
3.18
2.19
2.10
3.12
3.02
2.13
2.09
2.12
2.24
2.14
2.98
2.29
2.17
2.19
2.15
9.74
2.38
2.06
2.03
3.47
2.06
4.33
5.15
2.49
2.30
2.16
6.85
5.22
3.06
2.23
3.03
3.29
2.15
2.59
2.05
2.18
2.33
2.07
2.05
3.13
2.07
2.60
2.21
3.33
2.60
2.20
2.08
2.13
2.36
2.24
1.84
1.83
1.85
1.79
2.57
1.87
1.86
2.16
2.61
3.31
2.35
2.10
3.06
1.99
1.92
2.60
2.04
4.16
2.22
1.99
2.55
2.56
2.21
2.74
2.61
2.87
2.11
2.39
2.60
1.97
12.0
3.19
2.02
2.06
5.91
2.36
2.16
6.28
2.51
4.42
2.68
2.13
3.15
4.31
3.28
5.13
4.70
5.00
5.85
16.7
5.85
2.05
3.40
1.98
3.29
2.69
2.08
1.91
1.99
3.40
1.83
5.96
10.1
2.79
3.19
2.75
10.2
14.9
1.72
2.95
3.40
2.32
3.10
1.92
2.20
3.62
1.81
1.82
2.15
1.89
1.78
1.80
1.80
1.82
1.86
1.78
1.80
1.88
2.70
2.14
3.01
3.30
4.52
2.22
2.03
2.13
2.02
2.47
1.97
2.94
2.14
2.15
2.13
2.07
2.11
2.15
2.42
2.02
2.10
2.13
2.23
2.07
2.10
2.13
2.88
2.14
4.31
3.08
3.64
3.05
2.40
1.97
1.67
2.17
2.17
2.16
2.09
2.16
2.11
2.47
2.32
2.64
2.08
2.15
3.23
2.35
2.09
2.12
2.14
1.95
2.15
2.11
3.00
2.14
2.14
2.11
2.02
1.93
2.24
2.13
2.34
2.20
2.32
2.15
2.23
2.61
2.07
4.04
2.21
2.11
2.17
2.11
2.15
2.79
2.18
2.19
2.10
2.14
3.21
2.18
2.12
2.12
2.13
2.13
2.04
2.12
2.16
2.15
2.16
2.06
2.10
2.11
2.02
2.04
2.53
2.02
2.12
1.62
2.13
2.10
2.10
2.20
2.11
2.12
2.18
2.10
2.01
2.31
2.05
2.20
2.16
2.21
2.18
2.18
2.31
2.25
2.13
2.13
2.10
2.06
2.15
2.08
2.09
4.53
2.10
2.29
7.36
2.28
2.21
2.14
2.16
2.39
2.11
2.05
2.05
3.79
2.14
2.11
2.15
2.32
2.31
2.01
2.11
2.12
2.67
2.65
37.2
19.6
3.68
2.13
2.16
7.42
95.0
84.7
75.4
65.4
54.2
43.0
106
95.6
84.5
85.8
77.3
66.1
55.4
44.1
33.6
16.4
77.3
67.1
57.7
47.2
36.1
26.3
15.6
6.02
1.91
1.89
144
133
122
112
101
90.2
78.9
68.7
59.9
50.0
39.5
16.8
5.69
1.91
2.20
3.05
4.15
2.44
2.13
8.26
2.29
2.22
21.7
4.70
4.90
2.16
1.95
2.06
5.18
19.2
2.20
5.43
2.11
2.12
2.15
2.18
2.14
2.21
3.36
2.14
2.18
2.09
9.72
2.26
2.15
2.16
2.14
2.15
2.28
2.13
2.04
2.54
2.94
2.05
2.05
2.37
21.4
13.4
7.09
5.30
2.63
2.16
2.20
46.6
36.9
25.7
14.5
4.70
3.30
2.55
2.19
2.23
4.30
2.11
2.17
2.13
2.04
2.85
2.04
2.89
2.71
2.66
2.12
2.16
2.14
3.61
2.16
3.28
2.36
1.73
1.95
2.01
3.14
2.90
2.16
2.10
3.49
2.36
2.38
2.16
3.13
1.79
4.57
2.05
2.09
2.11
2.32
2.07
2.08
2.82
3.00
2.19
2.20
2.48
3.12
2.12
2.04
2.13
1.92
2.41
2.21
2.22
3.57
2.66
2.04
2.13
2.20
2.34
2.05
3.02
2.17
3.83
3.17
3.14
2.13
3.26
2.14
2.12
2.26
2.01
2.04
2.04
2.14
2.32
2.09
2.11
2.54
2.16
2.12
2.12
2.96
2.32
1.99
2.13
2.75
2.26
11.5
9.34
7.82
9.55
3.65
4.00
2.06
2.10
3.01
1.98
1.85
1.84
1.96
3.86
1.97
1.97
3.37
19.2
9.89
2.16
9.49
2.55
17.0
10.6
16.2
3.56
2.14
87.8
69.5
55.4
40.4
52.2
42.7
41.0
30.7
21.2
5.98
1.92
1.89
1.86
1.81
1.39
1.87
2.02
2.14
2.25
2.07
2.15
2.32
2.32
2.36
2.10
2.16
2.68
2.79
2.11
5.23
2.13
2.18
2.14
2.45
2.51
2.28
2.30
2.24
2.30
3.27
2.11
3.05
10.4
2.18
2.40
2.70
2.77
2.45
2.10
2.18
2.21
2.01
2.23
1.99
2.08
2.75
2.20
2.12
2.13
2.07
2.92
2.10
2.14
2.09
2.28
2.40
2.01
2.12
2.78
2.14
2.19
2.21
2.14
2.90
2.13
15.1
3.37
8.08
2.71
2.15
2.15
2.31
2.14
2.14
2.06
2.11
4.11
2.17
2.08
2.13
2.13
2.09
2.76
2.04
2.18
2.20
2.26
2.60
2.17
2.29
2.02
2.31
2.03
2.11
2.06
1.93
2.22
2.10
2.11
3.08
1.82
2.18
2.08
4.17
2.09
2.02
2.07
2.32
2.12
2.19
2.65
2.12
2.18
2.93
5.25
2.05
1.81
4.24
2.02
2.09
3.42
2.36
2.16
2.16
2.26
2.12
2.27
2.12
2.73
2.16
2.07
2.06
3.88
2.52
3.23
2.20
2.63
37.3
18.8
2.97
2.12
17.2
4.56
2.10
26.5
22.5
18.9
10.2
6.12
2.12
21.1
11.0
34.4
15.0
2.30
2.59
2.28
2.49
2.21
2.10
2.69
3.19
1.79
2.11
1.92
1.97
1.92
1.84
5.20
1.86
2.44
2.18
2.97
1.86
1.94
1.97
2.90
1.87
1.85
1.85
2.44
2.54
1.95
1.93
1.91
1.96
1.85
1.82
1.70
1.83
1.75
2.37
1.93
1.86
1.86
1.90
1.94
1.91
1.92
1.87
1.85
2.15
2.01
2.00
2.33
2.30
2.50
2.12
2.66
2.66
2.17
2.10
2.06
2.00
2.05
2.05
2.17
2.13
2.20
2.11
2.11
2.03
2.44
2.19
2.03
2.02
2.02
2.66
2.04
2.57
2.18
2.20
3.00
2.33
2.10
2.13
2.16
2.38
2.08
2.07
2.08
2.29
2.27
2.25
2.19
2.16
2.15
4.12
2.12
2.22
2.21
5.00
2.06
2.07
2.27
2.80
2.26
2.13
2.20
2.42
2.20
2.67
2.61
2.10
2.13
2.57
2.97
3.06
2.15
2.13
1.97
3.89
2.10
2.52
2.11
2.54
2.24
2.21
2.31
2.16
2.27
2.12
3.19
2.08
2.12
2.15
2.49
2.10
2.06
2.38
2.29
3.04
2.05
2.08
2.00
2.08
2.09
2.06
2.46
2.45
2.06
2.02
1.95
2.91
2.07
2.07
2.05
2.11
2.19
2.19
2.11
2.13
2.93
2.08
2.98
3.62
2.01
2.40
2.10
2.90
2.08
2.12
2.27
2.12
2.23
2.03
2.12
2.08
2.10
2.00
2.12
2.06
2.16
2.13
2.13
2.10
2.53
5.62
2.14
1.99
2.10
2.24
2.07
2.11
2.89
2.15
2.16
2.12
2.25
2.21
2.20
2.24
3.06
37.1
26.8
15.7
4.58
2.22
3.36
73.6
58.4
39.1
21.1
8.39
3.93
2.43
94.9
146
134
124
113
101
91.4
80.4
66.4
55.8
45.0
112
91.7
81.8
73.9
64.6
53.3
43.9
33.9
23.5
13.7
4.59
76.1
64.9
54.9
44.2
33.3
22.7
11.6
3.26
2.25
2.20
2.25
2.16
2.47
2.29
2.12
2.10
2.13
2.99
2.25
2.17
2.36
3.72
2.54
2.18
2.19
4.64
2.05
2.07
2.11
4.51
3.30
2.14
2.16
2.19
2.17
2.27
2.17
2.04
2.73
2.21
3.47
2.20
2.10
2.29
2.10
2.11
2.53
2.15
2.13
2.17
2.19
2.58
2.06
2.03
1.97
2.14
2.10
2.16
2.19
2.51
2.16
38.8
29.8
19.4
9.17
2.13
2.35
3.85
2.10
4.54
2.25
2.14
2.58
2.13
2.17
2.10
2.27
2.70
2.03
2.04
2.03
2.20
2.10
2.09
2.11
2.11
2.34
2.12
2.01
2.09
2.03
2.03
1.97
2.25
8.54
2.67
2.10
2.07
2.07
2.77
2.24
2.40
2.04
2.06
6.48
2.01
2.07
2.21
2.45
2.12
2.19
2.53
2.10
2.08
2.24
2.06
2.11
2.14
2.04
2.04
2.68
2.95
2.79
2.11
2.03
11.3
3.83
2.13
2.20
2.68
2.95
2.08
2.13
2.02
2.11
2.08
2.51
4.41
2.04
1.73
2.29
2.13
1.80
2.02
2.73
2.42
2.17
2.29
2.11
2.24
2.64
2.21
2.23
2.16
2.55
2.50
2.28
3.99
2.26
1.93
1.99
1.90
1.89
2.68
2.11
3.08
2.23
1.99
2.16
1.95
1.80
2.80
1.77
2.57
1.85
1.87
1.96
1.98
3.99
1.85
1.91
2.03
2.00
1.94
1.91
1.88
2.07
1.83
2.62
1.86
1.87
1.85
1.81
1.89
1.82
1.86
1.82
1.90
1.80
2.75
1.84
1.91
1.85
2.42
2.04
1.89
1.82
1.89
1.89
2.39
1.91
2.35
2.06
2.32
2.04
2.04
1.91
2.04
2.03
1.99
2.05
1.99
2.49
2.05
2.32
2.13
2.08
2.34
2.07
2.11
2.04
2.07
2.20
2.07
2.12
2.10
2.18
3.21
2.03
2.08
2.15
3.02
2.05
2.03
2.45
2.37
2.10
2.13
2.21
2.28
2.20
2.23
2.85
2.19
2.52
2.08
3.16
2.09
2.21
2.08
4.76
2.23
2.66
2.16
2.98
3.06
2.09
2.43
2.18
2.12
2.42
1.98
2.13
3.56
2.21
2.18
2.14
2.09
2.28
2.02
2.07
2.10
2.07
2.63
2.07
2.08
2.56
3.24
2.36
2.04
2.02
2.43
2.01
2.00
2.02
2.08
2.02
2.35
2.04
2.08
3.04
4.05
2.12
2.06
2.25
2.17
2.08
5.18
2.05
2.05
2.08
2.13
2.09
2.15
3.72
2.42
3.63
2.25
2.04
2.08
2.12
2.04
2.14
2.22
2.15
2.13
2.12
2.13
2.10
2.15
2.10
2.09
2.09
2.07
2.08
2.19
2.10
2.18
2.72
2.37
2.14
2.02
4.29
2.58
2.01
2.08
2.31
2.39
2.48
2.13
2.14
2.87
2.17
2.21
2.34
2.22
2.78
2.26
2.34
3.74
6.78
2.13
2.10
2.05
3.34
2.14
2.17
3.08
2.57
2.25
2.60
3.08
1.96
1.90
2.04
6.08
1.98
2.03
2.71
1.87
3.54
1.98
2.17
3.30
1.95
2.49
2.22
1.81
1.78
4.34
1.98
1.91
2.14
2.29
2.07
2.01
2.26
1.88
1.91
1.81
1.96
2.43
1.88
1.87
1.89
1.78
1.78
1.73
1.86
1.95
2.14
2.14
2.14
1.57
2.14
3.98
2.12
2.09
2.09
2.09
2.18
2.13
2.15
2.17
7.76
2.33
2.16
2.23
2.16
2.15
2.12
2.10
2.46
2.21
2.06
2.05
2.10
2.64
2.13
2.33
2.42
2.36
2.54
2.14
2.09
2.94
2.11
2.23
2.29
2.22
2.42
2.24
2.22
2.98
2.32
2.25
2.15
8.90
3.05
2.12
2.11
2.39
2.26
2.31
2.23
3.45
2.38
2.19
2.19
2.50
2.05
2.55
2.35
3.04
2.58
2.18
2.17
2.18
2.53
2.49
2.11
2.06
2.09
2.04
2.10
2.12
2.14
2.68
2.14
2.16
2.27
2.15
2.19
2.13
2.01
2.38
2.10
2.06
2.34
2.12
2.12
2.21
2.09
2.17
2.89
2.35
3.54
2.18
2.07
2.04
2.25
2.58
2.04
2.81
2.20
2.17
8.61
2.12
6.10
1.74
2.17
2.13
2.07
2.06
2.07
2.19
2.14
2.45
2.16
4.31
2.22
7.02
2.13
5.74
2.52
2.35
2.14
2.14
2.09
2.93
2.10
2.15
2.18
5.43
2.44
2.08
2.12
3.77
2.12
3.48
2.51
2.10
2.49
2.04
2.05
2.24
2.44
38.8
28.7
17.6
6.53
2.25
71.3
60.7
49.4
39.2
27.9
17.2
7.23
3.05
2.28
82.0
73.8
63.5
52.7
41.3
31.3
21.1
10.3
1.79
75.1
69.1
57.6
47.2
38.3
27.0
16.7
6.32
1.84
68.5
51.1
32.2
13.5
3.40
1.95
1.88
74.6
56.7
37.5
19.3
5.67
2.64
2.08
2.09
2.19
2.23
2.09
1.76
2.15
2.71
2.34
2.03
2.44
2.14
2.02
2.34
2.12
2.12
4.11
2.14
3.88
2.29
2.11
2.09
2.10
3.05
2.15
2.19
2.28
2.09
2.19
2.20
2.12
2.25
2.27
2.17
2.23
2.75
2.21
2.18
1.94
1.88
1.82
1.98
2.13
1.81
1.82
1.91
1.38
2.76
1.90
2.05
2.20
1.95
38.7
19.6
2.56
2.05
2.07
2.04
2.09
2.11
2.14
2.29
2.66
2.21
2.23
2.13
2.32
2.11
2.07
2.24
2.10
2.20
2.18
2.17
3.03
2.13
2.36
2.30
2.20
2.35
2.21
2.58
2.31
2.54
2.18
3.27
2.67
2.12
2.21
4.84
2.25
2.16
2.12
2.11
2.51
2.05
2.10
2.22
1.82
2.36
2.22
2.26
4.12
2.14
2.72
3.26
2.21
2.01
2.05
2.08
3.00
2.35
2.12
2.07
2.09
2.03
2.09
2.16
2.15
2.04
2.20
2.02
2.12
4.44
2.15
4.82
2.28
2.20
2.22
2.14
2.17
2.68
2.03
2.01
1.99
4.93
3.05
2.11
2.19
2.22
2.27
2.08
2.31
4.55
2.67
2.18
2.11
2.30
2.13
2.11
2.13
2.11
2.62
2.11
2.02
3.91
2.16
2.01
1.96
1.99
1.80
1.73
1.76
4.29
1.84
1.87
1.81
1.88
1.86
1.84
1.79
2.07
1.96
1.93
1.84
2.04
2.21
1.96
4.26
3.07
1.90
1.98
1.85
1.85
2.04
1.80
1.78
2.00
1.79
1.91
1.86
1.92
1.59
2.15
1.89
2.13
2.03
1.59
2.08
2.17
2.25
2.18
2.22
2.13
2.03
3.10
2.16
2.06
2.23
3.40
2.01
2.17
2.40
2.36
2.55
2.17
2.11
3.20
2.29
2.11
1.93
2.25
2.05
2.07
2.07
2.96
2.19
2.19
17.6
2.06
2.09
2.16
2.07
2.08
2.18
2.09
2.17
2.82
3.02
2.28
2.16
2.99
2.19
2.16
2.04
2.01
3.18
2.11
2.13
4.21
3.42
2.02
2.11
3.51
2.27
2.51
2.22
2.03
2.95
2.11
2.00
2.05
2.33
2.46
2.14
2.07
2.29