724.189333
1020.371518
11.029144
3011.18049
8.622917
8.20179
8.046155
1010.130835
8.250372
1006.90768
1009.038245
2009.543148
1007.640355
2007.11569
2010.363653
2010.177012
2008.211956
8.306416
8.260861
1007.405769
2017.586201
8.529131
2009.182098
8.370384
11.999057
1007.628945
1007.908818
8.742423
2009.953385
2009.296327
1008.242824
7.941433
8.792177
1008.099226
1007.96138
1007.446112
6.66394
3009.393621
1009.369775
2009.300797
1008.059139
1008.293541
3010.79304
7.671875
7.965488
7.724184
2009.136806
2009.232752
1005.501676
11.147194
1303.797759
1008.449737
1006.490184
2009.334019
1008.07015
1007.912119
1008.120503
1008.092419
1006.516083
15.336144
1009.10437
13.770991
1009.573667
1006.82197
1008.027453
1007.943212
7.642412
2008.147493
1012.673993
1015.296373
2011.361049
1007.008205
1007.745324
7.163996
1006.38857
2007.216712
1006.967547
1008.206515
1007.684183
2008.41289
1007.13271
7.473336
2008.625868
1007.700861
6.907966
1008.554604
2014.747855
2007.477547
2007.587136
1008.776844
2006.255897
1013.371846
1014.753173
1008.151247
2009.571057
1007.122793
1008.496578
2007.435507
1008.828217
1007.266897
2009.036222
1006.520495
8.228957
7.705894
2008.523917
3007.721963
1008.545188
2012.267405
2008.676641
1005.59736
2007.476063
2009.04492
1008.157924
1007.683776
3008.231552
2013.630125
2012.209357
1008.888997
1008.528112
7.565224
1005.605059
2006.507569
7.316574
1006.438084
1013.904041
3006.255046
1011.316797
2006.647397
2006.300723
2016.444019
14.303898
2009.279533
1006.939723
1006.757038
1007.788246
2010.242518
2007.413116
1007.4261
2007.913814
2009.792915
1006.789746
6.756332
1008.210998
1007.452973
3008.276464
1007.562844
1007.08763
3009.169809
1163.523921
2007.840664
2013.192659
2009.123663
6.973507
3007.059092
1005.342415
1015.503735
1014.579265
3007.275467
2009.210218
1006.827033
1007.309291
1007.131341
1006.739104
2013.20132
2006.168128
8.038663
1007.47135
2008.117285
15.388503
2007.941835
2007.388541
7.044544
1007.648198
3009.706674
1007.489908
2005.912871
2006.656389
2006.313736
7.084749